v 0.0 0.0 0.0

v 0.01 0.0015 0.0



v 0.005 0.01016 0.0



v -0.005 0.01016 0.0



v -0.01 0.0015 0.0
v -0.01 -0.0015 0.0



v -0.005 -0.01016 0.0



v 0.005 -0.01016 0.0



v 0.01 -0.0015 0.0





















v -0.0050 -0.0085 0
v -0.0050 -0.0068 0
v -0.0050 -0.0051 0
v -0.0050 -0.0034 0
v -0.0050 -0.0017 0
v -0.0050 0 0
v -0.0050 0.0017 0
v -0.0050 0.0034 0
v -0.0050 0.0051 0
v -0.0050 0.0068 0
v -0.0050 0.0085 0

v 0.0050 -0.0085 0
v 0.0050 -0.0068 0
v 0.0050 -0.0051 0
v 0.0050 -0.0034 0
v 0.0050 -0.0017 0
v 0.0050 0 0
v 0.0050 0.0017 0
v 0.0050 0.0034 0
v 0.0050 0.0051 0
v 0.0050 0.0068 0
v 0.0050 0.0085 0