v 0.0 0.0 0.0

v 0.01 0.0015 0.0

v 0.0092 0.0029 0
v 0.0083 0.0044 0
v 0.0075 0.0058 0
v 0.0067 0.0073 0
v 0.0058 0.0087 0


v 0.005 0.01016 0.0

v 0.0033 0.0102 0
v 0.0017 0.0102 0
v 0 0.0102 0
v -0.0017 0.0102 0
v -0.0033 0.0102 0

v -0.005 0.01016 0.0

v -0.0058 0.0087 0
v -0.0067 0.0073 0
v -0.0075 0.0058 0
v -0.0083 0.0044 0
v -0.0092 0.0029 0

v -0.01 0.0015 0.0
v 0.01 -0.0015 0.0

v 0.0092 -0.0029 0
v 0.0083 -0.0044 0
v 0.0075 -0.0058 0
v 0.0067 -0.0073 0
v 0.0058 -0.0087 0

v 0.005 -0.01016 0.0

v 0.0033 -0.0102 0
v 0.0017 -0.0102 0
v 0 -0.0102 0
v -0.0017 -0.0102 0
v -0.0033 -0.0102 0

v -0.005 -0.01016 0.0

v -0.0058 -0.0087 0
v -0.0067 -0.0073 0
v -0.0075 -0.0058 0
v -0.0083 -0.0044 0
v -0.0092 -0.0029 0

v -0.01 -0.0015 0.0

v -0.0050 -0.0085 0
v -0.0050 -0.0068 0
v -0.0050 -0.0051 0
v -0.0050 -0.0034 0
v -0.0050 -0.0017 0
v -0.0050 0 0
v -0.0050 0.0017 0
v -0.0050 0.0034 0
v -0.0050 0.0051 0
v -0.0050 0.0068 0
v -0.0050 0.0085 0

v 0.0050 -0.0085 0
v 0.0050 -0.0068 0
v 0.0050 -0.0051 0
v 0.0050 -0.0034 0
v 0.0050 -0.0017 0
v 0.0050 0 0
v 0.0050 0.0017 0
v 0.0050 0.0034 0
v 0.0050 0.0051 0
v 0.0050 0.0068 0
v 0.0050 0.0085 0